0, 50, -120, 0
0.05, 0.872315, -2.094, 3.06237e-08
0.1, 0.871269, -2.09281, 3.86647e-08
0.15, 0.869528, -2.09082, 2.14296e-08
0.2, 0.867102, -2.08802, -2.62169e-08
0.25, 0.863998, -2.08436, -1.1201e-07
0.3, 0.860229, -2.07983, -2.46496e-07
0.35, 0.855809, -2.07439, -4.43279e-07
0.4, 0.850756, -2.06798, -7.19288e-07
0.45, 0.845087, -2.06056, -1.09504e-06
0.5, 0.838825, -2.05208, -1.59487e-06
0.55, 0.831989, -2.04247, -2.24716e-06
0.6, 0.824604, -2.03167, -3.08451e-06
0.65, 0.816691, -2.0196, -4.14393e-06
0.7, 0.808273, -2.00621, -5.46718e-06
0.75, 0.799371, -1.99142, -7.10122e-06
0.8, 0.790004, -1.97517, -9.09899e-06
0.85, 0.780187, -1.95738, -1.15206e-05
0.9, 0.769932, -1.938, -1.4435e-05
0.95, 0.759247, -1.91698, -1.79219e-05
1, 0.748135, -1.89426, -2.20745e-05
1.05, 0.73659, -1.86981, -2.70016e-05
1.1, 0.724604, -1.84359, -3.28305e-05
1.15, 0.712159, -1.81556, -3.97093e-05
1.2, 0.699234, -1.78571, -4.78086e-05
1.25, 0.685799, -1.75401, -5.73243e-05
1.3, 0.671817, -1.72044, -6.84794e-05
1.35, 0.657248, -1.68498, -8.15279e-05
1.4, 0.642042, -1.6476, -9.67584e-05
1.45, 0.626146, -1.60827, -0.000114501
1.5, 0.609498, -1.56695, -0.000135134
1.55, 0.592031, -1.52357, -0.000159098
1.6, 0.573669, -1.47807, -0.000186907
1.65, 0.554327, -1.43036, -0.000219164
1.7, 0.53391, -1.38029, -0.000256584
1.75, 0.512309, -1.32773, -0.000300004
1.8, 0.489399, -1.27248, -0.000350399
1.85, 0.465033, -1.21428, -0.000408862
1.9, 0.439035, -1.15282, -0.000476528
1.95, 0.411196, -1.08769, -0.00055432
2, 0.381251, -1.01836, -0.000642304
2.05, 0.348872, -0.94414, -0.000737987
2.1, 0.313628, -0.864111, -0.000831848
2.15, 0.274948, -0.77701, -0.000895079
2.2, 0.232057, -0.681085, -0.000844006
2.25, 0.183878, -0.573864, -0.000430908
2.3, 0.128964, -0.451958, 0.00109093
2.35, 0.0657081, -0.311528, 0.00568949
2.4, -0.00605538, -0.151984, 0.0142929
2.45, -0.0818648, 0.0166523, 0.0114786
2.5, -0.154434, 0.178144, -0.00362017
2.55, -0.218867, 0.321582, -0.0117718
2.6, -0.274727, 0.446202, -0.0145415
2.65, -0.323489, 0.555597, -0.0153808
2.7, -0.36664, 0.653289, -0.0155885
2.75, -0.405307, 0.741907, -0.0155863
2.8, -0.440303, 0.823327, -0.0155162
2.85, -0.472219, 0.898898, -0.0154286
2.9, -0.501496, 0.969611, -0.0153417
2.95, -0.528472, 1.03621, -0.0152618
3, -0.553407, 1.09927, -0.0151906
3.05, -0.576511, 1.15924, -0.0151279
3.1, -0.597952, 1.21648, -0.015073
3.15, -0.61787, 1.27126, -0.0150252
3.2, -0.636381, 1.32382, -0.0149833
3.25, -0.653586, 1.37436, -0.0149468
3.3, -0.66957, 1.42301, -0.0149148
3.35, -0.684407, 1.46992, -0.0148868
3.4, -0.698164, 1.51518, -0.0148622
3.45, -0.7109, 1.55889, -0.0148407
3.5, -0.722667, 1.6011, -0.0148219
3.55, -0.733514, 1.64189, -0.0148054
3.6, -0.743483, 1.68129, -0.014791
3.65, -0.752615, 1.71935, -0.0147785
3.7, -0.760946, 1.75609, -0.0147675
3.75, -0.768508, 1.79154, -0.0147581
3.8, -0.775329, 1.82574, -0.0147499
3.85, -0.781435, 1.8587, -0.0147428
3.9, -0.786847, 1.89044, -0.0147368
3.95, -0.791582, 1.921, -0.0147316
4, -0.795654, 1.9504, -0.0147271
4.05, -0.799073, 1.97867, -0.0147234
4.1, -0.801844, 2.00584, -0.0147202
4.15, -0.803972, 2.03196, -0.0147175
4.2, -0.805454, 2.05707, -0.0147152
4.25, -0.806288, 2.08122, -0.0147132
4.3, -0.806468, 2.10445, -0.0147116
4.35, -0.805986, 2.12682, -0.0147102
4.4, -0.804833, 2.14838, -0.0147091
4.45, -0.802998, 2.16918, -0.0147081
4.5, -0.800471, 2.18928, -0.0147073
4.55, -0.797241, 2.20872, -0.0147066
4.6, -0.793297, 2.22757, -0.0147061
4.65, -0.788629, 2.24588, -0.0147056
4.7, -0.783229, 2.26368, -0.0147052
4.75, -0.777086, 2.28104, -0.0147048
4.8, -0.770196, 2.29798, -0.0147045
4.85, -0.762551, 2.31455, -0.0147043
4.9, -0.754149, 2.33078, -0.0147041
4.95, -0.744986, 2.34671, -0.0147039
5, -0.735063, 2.36237, -0.0147037
5.05, -0.724382, 2.37778, -0.0147036
5.1, -0.712945, 2.39295, -0.0147036
5.15, -0.700759, 2.40792, -0.0147035
5.2, -0.687832, 2.42268, -0.0147035
5.25, -0.674175, 2.43724, -0.0147035
5.3, -0.659802, 2.4516, -0.0147035
5.35, -0.644728, 2.46576, -0.0147036
5.4, -0.628972, 2.47971, -0.0147037
5.45, -0.612558, 2.49342, -0.0147038
5.5, -0.59551, 2.50686, -0.0147039
5.55, -0.577858, 2.52001, -0.0147041
5.6, -0.559635, 2.53281, -0.0147042
5.65, -0.540876, 2.54522, -0.0147044
5.7, -0.521623, 2.55718, -0.0147047
5.75, -0.501919, 2.5686, -0.014705
5.8, -0.481814, 2.57942, -0.0147053
5.85, -0.461361, 2.58953, -0.0147057
5.9, -0.440616, 2.59884, -0.0147061
5.95, -0.41964, 2.60722, -0.0147066
6, -0.398499, 2.61456, -0.0147072
6.05, -0.377261, 2.62072, -0.0147079
6.1, -0.355996, 2.62556, -0.0147086
6.15, -0.334779, 2.62893, -0.0147095
6.2, -0.313682, 2.63067, -0.0147105
6.25, -0.292779, 2.63064, -0.0147116
6.3, -0.272144, 2.62868, -0.0147128
6.35, -0.251844, 2.62465, -0.014714
6.4, -0.231942, 2.6184, -0.0147151
6.45, -0.212495, 2.60981, -0.0147161
6.5, -0.193549, 2.59876, -0.014717
6.55, -0.175139, 2.58519, -0.0147175
6.6, -0.157288, 2.56901, -0.0147177
6.65, -0.140005, 2.55019, -0.0147175
6.7, -0.123285, 2.52871, -0.0147169
6.75, -0.107109, 2.50458, -0.0147161
6.8, -0.0914441, 2.47783, -0.0147152
6.85, -0.0762458, 2.44849, -0.0147143
6.9, -0.0614578, 2.41663, -0.0147138
6.95, -0.0470142, 2.3823, -0.0147138
7, -0.0328412, 2.34558, -0.0147147
7.05, -0.0188579, 2.30652, -0.0147168
7.1, -0.00497809, 2.26518, -0.0147204
7.15, 0.00888942, 2.2216, -0.0147258
7.2, 0.0228402, 2.17583, -0.0147333
7.25, 0.036974, 2.12786, -0.0147432
7.3, 0.0513954, 2.0777, -0.014756
7.35, 0.0662141, 2.02532, -0.014772
7.4, 0.0815468, 1.97065, -0.0147917
7.45, 0.0975184, 1.91361, -0.0148155
7.5, 0.114265, 1.85406, -0.0148441
7.55, 0.131938, 1.79183, -0.014878
7.6, 0.150708, 1.72668, -0.0149179
7.65, 0.17077, 1.65832, -0.0149643
7.7, 0.192356, 1.58632, -0.0150173
7.75, 0.215745, 1.51019, -0.0150756
7.8, 0.241283, 1.42922, -0.0151347
7.85, 0.269409, 1.34248, -0.0151816
7.9, 0.300697, 1.24873, -0.0151812
7.95, 0.335904, 1.14624, -0.0150381
8, 0.376032, 1.03266, -0.0144896
8.05, 0.422293, 0.905072, -0.0128418
8.1, 0.475609, 0.761066, -0.00887799
8.15, 0.534836, 0.602851, -0.00466409
8.2, 0.595142, 0.440892, -0.00968493
8.25, 0.650703, 0.287768, -0.0180632
8.3, 0.698395, 0.150013, -0.022234
8.35, 0.738221, 0.0270743, -0.0237129
8.4, 0.771289, -0.0840211, -0.0241678
8.45, 0.798676, -0.186079, -0.0242645
8.5, 0.821211, -0.28125, -0.0242372
8.55, 0.839496, -0.371123, -0.0241694
8.6, 0.853965, -0.456874, -0.0240917
8.65, 0.864937, -0.539389, -0.0240151
8.7, 0.872649, -0.619348, -0.0239432
8.75, 0.87728, -0.697275, -0.0238766
8.8, 0.878971, -0.773582, -0.0238149
8.85, 0.877833, -0.848589, -0.0237571
8.9, 0.873962, -0.92254, -0.0237026
8.95, 0.867442, -0.995617, -0.0236506
9, 0.858354, -1.06795, -0.0236007
9.05, 0.846777, -1.1396, -0.0235526
9.1, 0.832798, -1.21062, -0.0235062
9.15, 0.816511, -1.28098, -0.0234618
9.2, 0.79802, -1.35062, -0.0234196
9.25, 0.777442, -1.41945, -0.0233801
9.3, 0.754908, -1.48734, -0.0233438
9.35, 0.730562, -1.55412, -0.0233112
9.4, 0.704564, -1.6196, -0.0232827
9.45, 0.677082, -1.68355, -0.0232585
9.5, 0.648298, -1.74576, -0.0232388
9.55, 0.618398, -1.80595, -0.0232234
9.6, 0.587575, -1.86389, -0.023212
9.65, 0.556019, -1.91933, -0.023204
9.7, 0.523922, -1.97201, -0.0231989
9.75, 0.491468, -2.0217, -0.023196
9.8, 0.458834, -2.06818, -0.0231947
9.85, 0.426187, -2.11126, -0.0231944
9.9, 0.393684, -2.15076, -0.0231946
9.95, 0.361466, -2.18651, -0.023195
10, 0.329662, -2.2184, -0.0231952
