0, 50, -120, 0
0.05, 0.872316, -2.094, -2.90068e-11
0.1, 0.87127, -2.09281, -8.86413e-11
0.15, 0.869531, -2.09082, -1.8e-10
0.2, 0.867107, -2.088, -3.04888e-10
0.25, 0.864006, -2.08434, -4.65683e-10
0.3, 0.860241, -2.0798, -6.65146e-10
0.35, 0.855827, -2.07434, -9.06182e-10
0.4, 0.850779, -2.06792, -1.19157e-09
0.45, 0.845117, -2.06049, -1.52366e-09
0.5, 0.838862, -2.05199, -1.9042e-09
0.55, 0.832034, -2.04237, -2.33416e-09
0.6, 0.824657, -2.03154, -2.8139e-09
0.65, 0.816753, -2.01946, -3.34345e-09
0.7, 0.808345, -2.00605, -3.92309e-09
0.75, 0.799453, -1.99123, -4.55405e-09
0.8, 0.790095, -1.97495, -5.23904e-09
0.85, 0.780289, -1.95714, -5.98245e-09
0.9, 0.770045, -1.93774, -6.78964e-09
0.95, 0.759371, -1.91669, -7.66534e-09
1, 0.748268, -1.89395, -8.61094e-09
1.05, 0.736734, -1.86948, -9.62104e-09
1.1, 0.724758, -1.84323, -1.06797e-08
1.15, 0.712323, -1.81519, -1.1757e-08
1.2, 0.699407, -1.78532, -1.28063e-08
1.25, 0.68598, -1.7536, -1.37622e-08
1.3, 0.672006, -1.72002, -1.45398e-08
1.35, 0.657444, -1.68455, -1.50331e-08
1.4, 0.642245, -1.64716, -1.51134e-08
1.45, 0.626354, -1.60783, -1.46265e-08
1.5, 0.609712, -1.56651, -1.3387e-08
1.55, 0.59225, -1.52314, -1.11683e-08
1.6, 0.573893, -1.47765, -7.68736e-09
1.65, 0.554556, -1.42994, -2.57821e-09
1.7, 0.534144, -1.3799, 4.65173e-09
1.75, 0.512549, -1.32737, 1.47e-08
1.8, 0.489646, -1.27214, 2.86168e-08
1.85, 0.465288, -1.21398, 4.81021e-08
1.9, 0.439301, -1.15257, 7.61487e-08
1.95, 0.411474, -1.0875, 1.1854e-07
2, 0.381546, -1.01824, 1.8762e-07
2.05, 0.349187, -0.9441, 3.126e-07
2.1, 0.313968, -0.864166, 5.70408e-07
2.15, 0.275317, -0.77717, 1.18762e-06
2.2, 0.232452, -0.681344, 2.91395e-06
2.25, 0.184276, -0.57416, 8.51978e-06
2.3, 0.129261, -0.452028, 2.87518e-05
2.35, 0.0655377, -0.310429, 9.45757e-05
2.4, -0.00775802, -0.147009, 0.000154316
2.45, -0.086243, 0.028455, 9.96024e-06
2.5, -0.160249, 0.19379, -0.000152297
2.55, -0.224683, 0.337573, -0.00024011
2.6, -0.280132, 0.461555, -0.000265607
2.65, -0.328464, 0.570292, -0.000272539
2.7, -0.371244, 0.667504, -0.000274649
2.75, -0.409599, 0.755827, -0.000275398
2.8, -0.444329, 0.837107, -0.000275711
2.85, -0.476013, 0.912668, -0.000275863
2.9, -0.50508, 0.98348, -0.000275948
2.95, -0.53186, 1.05027, -0.000276002
3, -0.556607, 1.11361, -0.000276038
3.05, -0.579524, 1.17393, -0.000276065
3.1, -0.600777, 1.23159, -0.000276084
3.15, -0.620502, 1.28686, -0.0002761
3.2, -0.638811, 1.33998, -0.000276111
3.25, -0.655803, 1.39114, -0.000276121
3.3, -0.671559, 1.4405, -0.000276128
3.35, -0.686153, 1.48818, -0.000276133
3.4, -0.699648, 1.53428, -0.000276137
3.45, -0.712101, 1.57891, -0.00027614
3.5, -0.723564, 1.62212, -0.000276142
3.55, -0.734082, 1.66399, -0.000276144
3.6, -0.743698, 1.70455, -0.000276145
3.65, -0.75245, 1.74386, -0.000276145
3.7, -0.760373, 1.78195, -0.000276145
3.75, -0.767497, 1.81885, -0.000276144
3.8, -0.77385, 1.85458, -0.000276144
3.85, -0.779456, 1.88918, -0.000276143
3.9, -0.784336, 1.92268, -0.000276142
3.95, -0.788506, 1.9551, -0.000276141
4, -0.791977, 1.98647, -0.00027614
4.05, -0.794759, 2.01684, -0.000276139
4.1, -0.796856, 2.04625, -0.000276139
4.15, -0.798269, 2.07474, -0.000276138
4.2, -0.798996, 2.10237, -0.000276137
4.25, -0.79903, 2.12918, -0.000276137
4.3, -0.798363, 2.15525, -0.000276136
4.35, -0.796986, 2.18062, -0.000276136
4.4, -0.794885, 2.20537, -0.000276135
4.45, -0.792047, 2.22957, -0.000276135
4.5, -0.788458, 2.25328, -0.000276134
4.55, -0.784103, 2.27657, -0.000276134
4.6, -0.778967, 2.29951, -0.000276134
4.65, -0.773035, 2.32217, -0.000276134
4.7, -0.766294, 2.34461, -0.000276134
4.75, -0.758728, 2.36692, -0.000276133
4.8, -0.750326, 2.38914, -0.000276133
4.85, -0.741074, 2.41136, -0.000276133
4.9, -0.730962, 2.43363, -0.000276133
4.95, -0.719979, 2.45602, -0.000276133
5, -0.708116, 2.4786, -0.000276133
5.05, -0.695364, 2.50142, -0.000276133
5.1, -0.681717, 2.52457, -0.000276133
5.15, -0.667167, 2.54809, -0.000276133
5.2, -0.651709, 2.57206, -0.000276133
5.25, -0.63534, 2.59654, -0.000276133
5.3, -0.618055, 2.6216, -0.000276133
5.35, -0.599853, 2.6473, -0.000276132
5.4, -0.580732, 2.67372, -0.000276132
5.45, -0.560693, 2.70092, -0.000276132
5.5, -0.539736, 2.72898, -0.000276132
5.55, -0.517864, 2.75797, -0.000276131
5.6, -0.495079, 2.78797, -0.000276131
5.65, -0.471387, 2.81905, -0.00027613
5.7, -0.446793, 2.85129, -0.00027613
5.75, -0.421304, 2.88479, -0.000276129
5.8, -0.394929, 2.91961, -0.000276128
5.85, -0.367679, 2.95586, -0.000276127
5.9, -0.339567, 2.99362, -0.000276126
5.95, -0.310608, 3.03299, -0.000276124
6, -0.28082, 3.07405, -0.000276122
6.05, -0.250225, 3.11691, -0.000276119
6.1, -0.218851, 3.16166, -0.000276117
6.15, -0.186729, 3.20839, -0.000276113
6.2, -0.153899, 3.25719, -0.00027611
6.25, -0.120408, 3.30814, -0.000276106
6.3, -0.0863131, 3.36131, -0.000276102
6.35, -0.0516833, 3.41675, -0.000276098
6.4, -0.0166003, 3.47451, -0.000276095
6.45, 0.0188388, 3.53462, -0.000276093
6.5, 0.0545209, 3.59706, -0.000276093
6.55, 0.0903154, 3.6618, -0.000276096
6.6, 0.126074, 3.72879, -0.000276102
6.65, 0.161632, 3.79794, -0.000276112
6.7, 0.196807, 3.86913, -0.000276124
6.75, 0.231406, 3.94223, -0.000276139
6.8, 0.265223, 4.01706, -0.000276154
6.85, 0.298048, 4.09346, -0.000276167
6.9, 0.329667, 4.17125, -0.000276177
6.95, 0.359869, 4.25025, -0.00027618
7, 0.38845, 4.3303, -0.000276174
7.05, 0.415214, 4.41123, -0.000276158
7.1, 0.43998, 4.49293, -0.000276131
7.15, 0.462578, 4.57531, -0.000276091
7.2, 0.482853, 4.6583, -0.00027604
7.25, 0.500664, 4.74189, -0.000275977
7.3, 0.51588, 4.82612, -0.000275901
7.35, 0.528379, 4.91107, -0.000275814
7.4, 0.538041, 4.99686, -0.000275713
7.45, 0.544748, 5.08371, -0.000275597
7.5, 0.54837, 5.17189, -0.000275464
7.55, 0.54876, 5.26175, -0.000275307
7.6, 0.545744, 5.35376, -0.00027512
7.65, 0.539098, 5.44853, -0.000274885
7.7, 0.528536, 5.54684, -0.00027457
7.75, 0.513667, 5.64976, -0.000274094
7.8, 0.493954, 5.75871, -0.000273224
7.85, 0.468632, 5.87569, -0.000271172
7.9, 0.436609, 6.00353, -0.000264922
7.95, 0.396364, 6.14619, -0.000242843
8, 0.3462, 6.30831, -0.000180433
8.05, 0.286219, 6.4907, -0.000184507
8.1, 0.222747, 6.68002, -0.000296033
8.15, 0.165445, 6.85516, -0.000411452
8.2, 0.117908, 7.00898, -0.000467156
8.25, 0.0791083, 7.14468, -0.000483064
8.3, 0.0473005, 7.26678, -0.000487605
8.35, 0.0210949, 7.37878, -0.000489127
8.4, -0.000501338, 7.48314, -0.000489752
8.45, -0.0181945, 7.5816, -0.000490066
8.5, -0.0324975, 7.67544, -0.000490251
8.55, -0.0437922, 7.7656, -0.000490374
8.6, -0.0523701, 7.85283, -0.000490463
8.65, -0.0584593, 7.93769, -0.000490529
8.7, -0.062242, 8.02066, -0.00049058
8.75, -0.0638671, 8.10213, -0.00049062
8.8, -0.0634589, 8.18241, -0.00049065
8.85, -0.0611235, 8.2618, -0.000490674
8.9, -0.0569532, 8.34052, -0.000490691
8.95, -0.0510307, 8.4188, -0.000490703
9, -0.0434315, 8.49683, -0.000490711
9.05, -0.0342263, 8.57478, -0.000490714
9.1, -0.0234834, 8.65282, -0.000490713
9.15, -0.0112701, 8.73109, -0.000490709
9.2, 0.00234503, 8.80972, -0.000490701
9.25, 0.01729, 8.88884, -0.00049069
9.3, 0.0334871, 8.96856, -0.000490676
9.35, 0.0508496, 9.04897, -0.00049066
9.4, 0.0692778, 9.13014, -0.000490642
9.45, 0.0886548, 9.21209, -0.000490624
9.5, 0.108841, 9.29484, -0.000490607
9.55, 0.129671, 9.37831, -0.000490594
9.6, 0.150949, 9.46239, -0.000490587
9.65, 0.172449, 9.5469, -0.000490588
9.7, 0.193923, 9.63162, -0.000490598
9.75, 0.215106, 9.71629, -0.000490615
9.8, 0.235735, 9.80063, -0.000490637
9.85, 0.255556, 9.8844, -0.000490662
9.9, 0.274341, 9.9674, -0.000490687
9.95, 0.291893, 10.0495, -0.00049071
10, 0.30805, 10.1306, -0.000490729
